title,amount,category
qwerty,1234,asd
